{
 "cells": [
  {
   "cell_type": "code",
   "execution_count": 1,
   "metadata": {},
   "outputs": [],
   "source": [
    "## Packages\n",
    "## For frame extraction\n",
    "from pytube import YouTube\n",
    "import os\n",
    "import cv2\n",
    "import numpy as np\n",
    "import math\n",
    "import shutil\n",
    "import datetime\n",
    "import matplotlib.pyplot as plt\n",
    "%matplotlib inline\n",
    "\n",
    "## For image comparison\n",
    "import glob\n",
    "from skimage import io\n",
    "from skimage.metrics import structural_similarity as ssim\n",
    "\n",
    "## For image segmentation\n",
    "from skimage import data, img_as_float\n",
    "from skimage.segmentation import (morphological_chan_vese, morphological_geodesic_active_contour,\n",
    "                                inverse_gaussian_gradient, checkerboard_level_set)\n",
    "\n",
    "# For clustering\n",
    "from sklearn.cluster import KMeans\n",
    "\n",
    "# resize image\n",
    "from skimage.transform import resize"
   ]
  },
  {
   "cell_type": "code",
   "execution_count": null,
   "metadata": {},
   "outputs": [],
   "source": [
    "## Pytube had a glitch in their package which disables users from being able to download YouTube video\n",
    "### this version of PyTube was found to fix the issue\n",
    "#### fix found from:https://github.com/pytube/pytube/issues/1060\n",
    "#####https://stackoverflow.com/questions/67614883/pytube-givng-an-http-error-404-not-found-error-anyone-knows-how-to-fix-this\n",
    "\n",
    "##pip install git+https://github.com/Zeecka/pytube@fix_1060\n",
    "\n",
    "## UPDATE: as of 8/9/21. This link is no longer needed. The Pytube glitch is fixed."
   ]
  },
  {
   "cell_type": "code",
   "execution_count": null,
   "metadata": {},
   "outputs": [],
   "source": [
    "### Videos:\n",
    "https://www.youtube.com/watch?v=cWOkHQXw0JQ # Super Mario Bros Gameplay\n",
    "    \n",
    "https://www.youtube.com/watch?v=Pp2aMs38ERY # Donkey Kong Gameplay\n",
    "\n",
    "https://www.youtube.com/watch?v=8vVEDksr6fk # PacMan gameplay"
   ]
  },
  {
   "cell_type": "code",
   "execution_count": null,
   "metadata": {},
   "outputs": [],
   "source": [
    "### Step 1: Image Acquisition/ frame extraction"
   ]
  },
  {
   "cell_type": "code",
   "execution_count": 3,
   "metadata": {},
   "outputs": [
    {
     "name": "stderr",
     "output_type": "stream",
     "text": [
      "<ipython-input-3-45145b0ab91c>:2: DeprecationWarning: Call to deprecated function all (This object can be treated as a list, all() is useless).\n",
      "  video.streams.filter(file_extension = \"mp4\").all()\n"
     ]
    },
    {
     "data": {
      "text/plain": [
       "'C:\\\\Users\\\\SLL007\\\\Super Mario Bros - Full Game Walkthrough.mp4'"
      ]
     },
     "execution_count": 3,
     "metadata": {},
     "output_type": "execute_result"
    }
   ],
   "source": [
    "video = YouTube(\"https://www.youtube.com/watch?v=cWOkHQXw0JQ\")\n",
    "video.streams.filter(file_extension = \"mp4\").all()\n",
    "video.streams.get_by_itag(18).download()"
   ]
  },
  {
   "cell_type": "code",
   "execution_count": 4,
   "metadata": {},
   "outputs": [],
   "source": [
    "class FrameExtraction():\n",
    "    def __init__(self, video_path):\n",
    "        self.video_path = video_path\n",
    "        self.vid_cap = cv2.VideoCapture(video_path)\n",
    "        self.n_frames = int(self.vid_cap.get(cv2.CAP_PROP_FRAME_COUNT))\n",
    "        self.fps = int(self.vid_cap.get(cv2.CAP_PROP_FPS))\n",
    "        \n",
    "    def get_n_images(self, every_x_frame):\n",
    "        n_images = math.floor(self.n_frames / every_x_frame) + 1\n",
    "        print(f'Extracting every {every_x_frame} (nd/rd/th) frame would result in {n_images} images.')\n",
    "        \n",
    "    def extract_frames(self, every_x_frame, img_name, dest_path=None, img_ext = '.jpg'):\n",
    "        if not self.vid_cap.isOpened():\n",
    "            self.vid_cap = cv2.VideoCapture(self.video_path)\n",
    "        \n",
    "        if dest_path is None:\n",
    "            dest_path = os.getcwd()\n",
    "        else:\n",
    "            if not os.path.isdir(dest_path):\n",
    "                os.mkdir(dest_path)\n",
    "                print(f'Created the following directory: {dest_path}')\n",
    "        \n",
    "        frame_cnt = 0\n",
    "        img_cnt = 0\n",
    "\n",
    "        while self.vid_cap.isOpened():\n",
    "            \n",
    "            success,image = self.vid_cap.read() \n",
    "            \n",
    "            if not success:\n",
    "                break\n",
    "            \n",
    "            if frame_cnt % every_x_frame == 0:\n",
    "                img_path = os.path.join(dest_path, ''.join([img_name, '_', str(img_cnt), img_ext]))\n",
    "                cv2.imwrite(img_path, image)  \n",
    "                img_cnt += 1\n",
    "                \n",
    "            frame_cnt += 1\n",
    "        \n",
    "        self.vid_cap.release()\n",
    "        cv2.destroyAllWindows()\n",
    "        \n",
    "# Reference for code: https://towardsdatascience.com/the-easiest-way-to-download-youtube-videos-using-python-2640958318ab"
   ]
  },
  {
   "cell_type": "code",
   "execution_count": 6,
   "metadata": {},
   "outputs": [],
   "source": [
    "vid = FrameExtraction('C:\\\\Users\\\\SLL007\\\\Super Mario Bros - Full Game Walkthrough.mp4')"
   ]
  },
  {
   "cell_type": "code",
   "execution_count": 17,
   "metadata": {},
   "outputs": [
    {
     "name": "stdout",
     "output_type": "stream",
     "text": [
      "Extracting every 2000 (nd/rd/th) frame would result in 23 images.\n"
     ]
    }
   ],
   "source": [
    "vid.get_n_images(every_x_frame=2000)"
   ]
  },
  {
   "cell_type": "code",
   "execution_count": 21,
   "metadata": {},
   "outputs": [],
   "source": [
    "vid.extract_frames(every_x_frame=2000, \n",
    "                  img_name='mario', \n",
    "                  dest_path='mario_images')"
   ]
  },
  {
   "cell_type": "code",
   "execution_count": null,
   "metadata": {},
   "outputs": [],
   "source": [
    "//////"
   ]
  },
  {
   "cell_type": "code",
   "execution_count": null,
   "metadata": {},
   "outputs": [],
   "source": [
    "### Step 2: Image comparison"
   ]
  },
  {
   "cell_type": "code",
   "execution_count": 22,
   "metadata": {
    "collapsed": true
   },
   "outputs": [
    {
     "data": {
      "text/plain": [
       "['C:/Users/SLL007/Mario_images\\\\mario_0.jpg',\n",
       " 'C:/Users/SLL007/Mario_images\\\\mario_1.jpg',\n",
       " 'C:/Users/SLL007/Mario_images\\\\mario_10.jpg',\n",
       " 'C:/Users/SLL007/Mario_images\\\\mario_11.jpg',\n",
       " 'C:/Users/SLL007/Mario_images\\\\mario_12.jpg',\n",
       " 'C:/Users/SLL007/Mario_images\\\\mario_13.jpg',\n",
       " 'C:/Users/SLL007/Mario_images\\\\mario_14.jpg',\n",
       " 'C:/Users/SLL007/Mario_images\\\\mario_15.jpg',\n",
       " 'C:/Users/SLL007/Mario_images\\\\mario_16.jpg',\n",
       " 'C:/Users/SLL007/Mario_images\\\\mario_17.jpg',\n",
       " 'C:/Users/SLL007/Mario_images\\\\mario_18.jpg',\n",
       " 'C:/Users/SLL007/Mario_images\\\\mario_19.jpg',\n",
       " 'C:/Users/SLL007/Mario_images\\\\mario_2.jpg',\n",
       " 'C:/Users/SLL007/Mario_images\\\\mario_20.jpg',\n",
       " 'C:/Users/SLL007/Mario_images\\\\mario_21.jpg',\n",
       " 'C:/Users/SLL007/Mario_images\\\\mario_22.jpg',\n",
       " 'C:/Users/SLL007/Mario_images\\\\mario_3.jpg',\n",
       " 'C:/Users/SLL007/Mario_images\\\\mario_4.jpg',\n",
       " 'C:/Users/SLL007/Mario_images\\\\mario_5.jpg',\n",
       " 'C:/Users/SLL007/Mario_images\\\\mario_6.jpg',\n",
       " 'C:/Users/SLL007/Mario_images\\\\mario_7.jpg',\n",
       " 'C:/Users/SLL007/Mario_images\\\\mario_8.jpg',\n",
       " 'C:/Users/SLL007/Mario_images\\\\mario_9.jpg']"
      ]
     },
     "execution_count": 22,
     "metadata": {},
     "output_type": "execute_result"
    }
   ],
   "source": [
    "file = \"C:/Users/SLL007/Mario_images/*.jpg\"\n",
    "glob.glob(file)"
   ]
  },
  {
   "cell_type": "code",
   "execution_count": 23,
   "metadata": {},
   "outputs": [],
   "source": [
    "images = [cv2.imread(image) for image in glob.glob(file)]"
   ]
  },
  {
   "cell_type": "code",
   "execution_count": 27,
   "metadata": {},
   "outputs": [],
   "source": [
    "N = len(images)\n",
    "similarity= np.zeros([N,N])\n",
    "\n",
    "for i in range(N):\n",
    "    for j in range(N):\n",
    "        similarity[i][j] = ssim(images[i], images[j], multichannel = True)"
   ]
  },
  {
   "cell_type": "code",
   "execution_count": 28,
   "metadata": {
    "collapsed": true
   },
   "outputs": [
    {
     "name": "stdout",
     "output_type": "stream",
     "text": [
      "[[1.         0.27244338 0.28745764 0.26473969 0.88035754 0.65365718\n",
      "  0.70612468 0.5616688  0.26447422 0.40583105 0.28812498 0.26621298\n",
      "  0.26521812 0.26663809 0.28812723 0.61531712 0.26798174 0.40392238\n",
      "  0.28823382 0.74885822 0.70524161 0.66014934 0.7345547 ]\n",
      " [0.27244338 1.         0.60328312 0.73980848 0.35610244 0.362201\n",
      "  0.36494269 0.37667189 0.74117708 0.59738737 0.60658454 0.75446773\n",
      "  0.70443277 0.74387499 0.60158865 0.36521533 0.74611891 0.57579311\n",
      "  0.60693596 0.37786199 0.37234228 0.36393262 0.39316512]\n",
      " [0.28745764 0.60328312 1.         0.61805005 0.3720393  0.36850489\n",
      "  0.38943097 0.42431798 0.64961658 0.52506697 0.80184236 0.64721763\n",
      "  0.64764928 0.63936503 0.71698242 0.37826268 0.60910503 0.52314826\n",
      "  0.80087378 0.39028428 0.40744665 0.37836981 0.37703835]\n",
      " [0.26473969 0.73980848 0.61805005 1.         0.34814507 0.3607243\n",
      "  0.35816563 0.38838198 0.77394084 0.60925101 0.62461387 0.77678899\n",
      "  0.7590119  0.7597349  0.60120663 0.36487843 0.76461915 0.59838144\n",
      "  0.62419421 0.36389261 0.36050364 0.36123469 0.35712702]\n",
      " [0.88035754 0.35610244 0.3720393  0.34814507 1.         0.733353\n",
      "  0.79258843 0.64883075 0.34762864 0.48468508 0.3722089  0.34954618\n",
      "  0.34874896 0.35065708 0.37236831 0.69467593 0.35018098 0.48263517\n",
      "  0.37174997 0.83508695 0.78695362 0.74126832 0.81477628]\n",
      " [0.65365718 0.362201   0.36850489 0.3607243  0.733353   1.\n",
      "  0.67707421 0.594335   0.35753695 0.45778856 0.37129694 0.35917041\n",
      "  0.35913147 0.36291997 0.37299992 0.67599177 0.35986491 0.45260341\n",
      "  0.37027216 0.69115838 0.69621414 0.80456228 0.70303909]\n",
      " [0.70612468 0.36494269 0.38943097 0.35816563 0.79258843 0.67707421\n",
      "  1.         0.63017537 0.36884412 0.46907343 0.38648194 0.36337738\n",
      "  0.36832949 0.36585215 0.39003714 0.63838699 0.42095055 0.46061893\n",
      "  0.38695047 0.75454551 0.74209634 0.69472462 0.73096612]\n",
      " [0.5616688  0.37667189 0.42431798 0.38838198 0.64883075 0.594335\n",
      "  0.63017537 1.         0.38497174 0.44021047 0.39195533 0.38520395\n",
      "  0.39032139 0.38304661 0.40007211 0.54734736 0.3918676  0.44138185\n",
      "  0.39160223 0.62355147 0.64021509 0.59490585 0.59062759]\n",
      " [0.26447422 0.74117708 0.64961658 0.77394084 0.34762864 0.35753695\n",
      "  0.36884412 0.38497174 1.         0.61317627 0.63200154 0.79631846\n",
      "  0.74121966 0.77228271 0.6417581  0.3579216  0.76977727 0.60065974\n",
      "  0.63040001 0.35689343 0.35785625 0.35607187 0.35817453]\n",
      " [0.40583105 0.59738737 0.52506697 0.60925101 0.48468508 0.45778856\n",
      "  0.46907343 0.44021047 0.61317627 1.         0.52243449 0.61761652\n",
      "  0.58866311 0.59884273 0.51472192 0.44443794 0.61744997 0.77384583\n",
      "  0.52216962 0.47112885 0.46400991 0.45867361 0.47096702]\n",
      " [0.28812498 0.60658454 0.80184236 0.62461387 0.3722089  0.37129694\n",
      "  0.38648194 0.39195533 0.63200154 0.52243449 1.         0.6484669\n",
      "  0.58214473 0.6174894  0.70939934 0.37827293 0.60332472 0.52194994\n",
      "  0.97810961 0.38930072 0.38884521 0.37580172 0.38052708]\n",
      " [0.26621298 0.75446773 0.64721763 0.77678899 0.34954618 0.35917041\n",
      "  0.36337738 0.38520395 0.79631846 0.61761652 0.6484669  1.\n",
      "  0.73786238 0.77929453 0.64627099 0.36368534 0.77882096 0.60144975\n",
      "  0.64588683 0.36272825 0.36378509 0.35845689 0.35636934]\n",
      " [0.26521812 0.70443277 0.64764928 0.7590119  0.34874896 0.35913147\n",
      "  0.36832949 0.39032139 0.74121966 0.58866311 0.58214473 0.73786238\n",
      "  1.         0.73287615 0.56301003 0.367088   0.73630515 0.57915361\n",
      "  0.58182491 0.36622708 0.37435261 0.36090608 0.35726242]\n",
      " [0.26663809 0.74387499 0.63936503 0.7597349  0.35065708 0.36291997\n",
      "  0.36585215 0.38304661 0.77228271 0.59884273 0.6174894  0.77929453\n",
      "  0.73287615 1.         0.62612164 0.3649743  0.75226347 0.59908774\n",
      "  0.61722928 0.36096129 0.44331452 0.36098437 0.3593524 ]\n",
      " [0.28812723 0.60158865 0.71698242 0.60120663 0.37236831 0.37299992\n",
      "  0.39003714 0.40007211 0.6417581  0.51472192 0.70939934 0.64627099\n",
      "  0.56301003 0.62612164 1.         0.38093084 0.60147622 0.51601754\n",
      "  0.70668438 0.38780988 0.40054985 0.38039077 0.3793927 ]\n",
      " [0.61531712 0.36521533 0.37826268 0.36487843 0.69467593 0.67599177\n",
      "  0.63838699 0.54734736 0.3579216  0.44443794 0.37827293 0.36368534\n",
      "  0.367088   0.3649743  0.38093084 1.         0.35942956 0.44272736\n",
      "  0.37767024 0.64908317 0.66417351 0.68562927 0.68639059]\n",
      " [0.26798174 0.74611891 0.60910503 0.76461915 0.35018098 0.35986491\n",
      "  0.42095055 0.3918676  0.76977727 0.61744997 0.60332472 0.77882096\n",
      "  0.73630515 0.75226347 0.60147622 0.35942956 1.         0.59290473\n",
      "  0.60337581 0.36806338 0.36202409 0.35797612 0.35823733]\n",
      " [0.40392238 0.57579311 0.52314826 0.59838144 0.48263517 0.45260341\n",
      "  0.46061893 0.44138185 0.60065974 0.77384583 0.52194994 0.60144975\n",
      "  0.57915361 0.59908774 0.51601754 0.44272736 0.59290473 1.\n",
      "  0.52228127 0.4655998  0.46232326 0.45794058 0.46381464]\n",
      " [0.28823382 0.60693596 0.80087378 0.62419421 0.37174997 0.37027216\n",
      "  0.38695047 0.39160223 0.63040001 0.52216962 0.97810961 0.64588683\n",
      "  0.58182491 0.61722928 0.70668438 0.37767024 0.60337581 0.52228127\n",
      "  1.         0.39021996 0.3880344  0.37649615 0.38080698]\n",
      " [0.74885822 0.37786199 0.39028428 0.36389261 0.83508695 0.69115838\n",
      "  0.75454551 0.62355147 0.35689343 0.47112885 0.38930072 0.36272825\n",
      "  0.36622708 0.36096129 0.38780988 0.64908317 0.36806338 0.4655998\n",
      "  0.39021996 1.         0.74895358 0.70341643 0.76586153]\n",
      " [0.70524161 0.37234228 0.40744665 0.36050364 0.78695362 0.69621414\n",
      "  0.74209634 0.64021509 0.35785625 0.46400991 0.38884521 0.36378509\n",
      "  0.37435261 0.44331452 0.40054985 0.66417351 0.36202409 0.46232326\n",
      "  0.3880344  0.74895358 1.         0.69811943 0.72964634]\n",
      " [0.66014934 0.36393262 0.37836981 0.36123469 0.74126832 0.80456228\n",
      "  0.69472462 0.59490585 0.35607187 0.45867361 0.37580172 0.35845689\n",
      "  0.36090608 0.36098437 0.38039077 0.68562927 0.35797612 0.45794058\n",
      "  0.37649615 0.70341643 0.69811943 1.         0.71943608]\n",
      " [0.7345547  0.39316512 0.37703835 0.35712702 0.81477628 0.70303909\n",
      "  0.73096612 0.59062759 0.35817453 0.47096702 0.38052708 0.35636934\n",
      "  0.35726242 0.3593524  0.3793927  0.68639059 0.35823733 0.46381464\n",
      "  0.38080698 0.76586153 0.72964634 0.71943608 1.        ]]\n"
     ]
    }
   ],
   "source": [
    "print(similarity)"
   ]
  },
  {
   "cell_type": "code",
   "execution_count": 29,
   "metadata": {},
   "outputs": [],
   "source": [
    "def similaritystats(a):\n",
    "    meansim = np.mean(a)\n",
    "    minsim = np.min(a)\n",
    "    maxsim = np.max(a)\n",
    "    \n",
    "    print('mean:' + str(meansim))\n",
    "    print('min:' + str(minsim))\n",
    "    print('max:' + str(maxsim))"
   ]
  },
  {
   "cell_type": "code",
   "execution_count": 30,
   "metadata": {},
   "outputs": [
    {
     "name": "stdout",
     "output_type": "stream",
     "text": [
      "mean:0.5411573642756397\n",
      "min:0.26447421712136193\n",
      "max:1.0\n"
     ]
    }
   ],
   "source": [
    "# 1.0 = exact similarity; 0 = no similarity\n",
    "similaritystats(similarity)"
   ]
  },
  {
   "cell_type": "code",
   "execution_count": null,
   "metadata": {},
   "outputs": [],
   "source": [
    "# The mean of 0.54 shows that images are somewhat similar, and the lowest is 0.26 which is above the lower threshold of 0.2\n",
    "## The max is 1.0 which is bound to occur when an image is compared to itself."
   ]
  },
  {
   "cell_type": "code",
   "execution_count": 31,
   "metadata": {
    "collapsed": true
   },
   "outputs": [
    {
     "data": {
      "text/plain": [
       "array([0.26447422, 0.26447422, 0.26473969, 0.26473969, 0.26521812,\n",
       "       0.26521812, 0.26621298, 0.26621298, 0.26663809, 0.26663809,\n",
       "       0.26798174, 0.26798174, 0.27244338, 0.27244338, 0.28745764,\n",
       "       0.28745764, 0.28812498, 0.28812498, 0.28812723, 0.28812723,\n",
       "       0.28823382, 0.28823382, 0.34762864, 0.34762864, 0.34814507,\n",
       "       0.34814507, 0.34874896, 0.34874896, 0.34954618, 0.34954618,\n",
       "       0.35018098, 0.35018098, 0.35065708, 0.35065708, 0.35607187,\n",
       "       0.35607187, 0.35610244, 0.35610244, 0.35636934, 0.35636934,\n",
       "       0.35689343, 0.35689343, 0.35712702, 0.35712702, 0.35726242,\n",
       "       0.35726242, 0.35753695, 0.35753695, 0.35785625, 0.35785625,\n",
       "       0.3579216 , 0.3579216 , 0.35797612, 0.35797612, 0.35816563,\n",
       "       0.35816563, 0.35817453, 0.35817453, 0.35823733, 0.35823733,\n",
       "       0.35845689, 0.35845689, 0.35913147, 0.35913147, 0.35917041,\n",
       "       0.35917041, 0.3593524 , 0.3593524 , 0.35942956, 0.35942956,\n",
       "       0.35986491, 0.35986491, 0.36050364, 0.36050364, 0.3607243 ,\n",
       "       0.3607243 , 0.36090608, 0.36090608, 0.36096129, 0.36096129,\n",
       "       0.36098437, 0.36098437, 0.36123469, 0.36123469, 0.36202409,\n",
       "       0.36202409, 0.362201  , 0.362201  , 0.36272825, 0.36272825,\n",
       "       0.36291997, 0.36291997, 0.36337738, 0.36337738, 0.36368534,\n",
       "       0.36368534, 0.36378509, 0.36378509, 0.36389261, 0.36389261,\n",
       "       0.36393262, 0.36393262, 0.36487843, 0.36487843, 0.36494269,\n",
       "       0.36494269, 0.3649743 , 0.3649743 , 0.36521533, 0.36521533,\n",
       "       0.36585215, 0.36585215, 0.36622708, 0.36622708, 0.367088  ,\n",
       "       0.367088  , 0.36806338, 0.36806338, 0.36832949, 0.36832949,\n",
       "       0.36850489, 0.36850489, 0.36884412, 0.36884412, 0.37027216,\n",
       "       0.37027216, 0.37129694, 0.37129694, 0.37174997, 0.37174997,\n",
       "       0.3720393 , 0.3720393 , 0.3722089 , 0.3722089 , 0.37234228,\n",
       "       0.37234228, 0.37236831, 0.37236831, 0.37299992, 0.37299992,\n",
       "       0.37435261, 0.37435261, 0.37580172, 0.37580172, 0.37649615,\n",
       "       0.37649615, 0.37667189, 0.37667189, 0.37703835, 0.37703835,\n",
       "       0.37767024, 0.37767024, 0.37786199, 0.37786199, 0.37826268,\n",
       "       0.37826268, 0.37827293, 0.37827293, 0.37836981, 0.37836981,\n",
       "       0.3793927 , 0.3793927 , 0.38039077, 0.38039077, 0.38052708,\n",
       "       0.38052708, 0.38080698, 0.38080698, 0.38093084, 0.38093084,\n",
       "       0.38304661, 0.38304661, 0.38497174, 0.38497174, 0.38520395,\n",
       "       0.38520395, 0.38648194, 0.38648194, 0.38695047, 0.38695047,\n",
       "       0.38780988, 0.38780988, 0.3880344 , 0.3880344 , 0.38838198,\n",
       "       0.38838198, 0.38884521, 0.38884521, 0.38930072, 0.38930072,\n",
       "       0.38943097, 0.38943097, 0.39003714, 0.39003714, 0.39021996,\n",
       "       0.39021996, 0.39028428, 0.39028428, 0.39032139, 0.39032139,\n",
       "       0.39160223, 0.39160223, 0.3918676 , 0.3918676 , 0.39195533,\n",
       "       0.39195533, 0.39316512, 0.39316512, 0.40007211, 0.40007211,\n",
       "       0.40054985, 0.40054985, 0.40392238, 0.40392238, 0.40583105,\n",
       "       0.40583105, 0.40744665, 0.40744665, 0.42095055, 0.42095055,\n",
       "       0.42431798, 0.42431798, 0.44021047, 0.44021047, 0.44138185,\n",
       "       0.44138185, 0.44272736, 0.44272736, 0.44331452, 0.44331452,\n",
       "       0.44443794, 0.44443794, 0.45260341, 0.45260341, 0.45778856,\n",
       "       0.45778856, 0.45794058, 0.45794058, 0.45867361, 0.45867361,\n",
       "       0.46061893, 0.46061893, 0.46232326, 0.46232326, 0.46381464,\n",
       "       0.46381464, 0.46400991, 0.46400991, 0.4655998 , 0.4655998 ,\n",
       "       0.46907343, 0.46907343, 0.47096702, 0.47096702, 0.47112885,\n",
       "       0.47112885, 0.48263517, 0.48263517, 0.48468508, 0.48468508,\n",
       "       0.51472192, 0.51472192, 0.51601754, 0.51601754, 0.52194994,\n",
       "       0.52194994, 0.52216962, 0.52216962, 0.52228127, 0.52228127,\n",
       "       0.52243449, 0.52243449, 0.52314826, 0.52314826, 0.52506697,\n",
       "       0.52506697, 0.54734736, 0.54734736, 0.5616688 , 0.5616688 ,\n",
       "       0.56301003, 0.56301003, 0.57579311, 0.57579311, 0.57915361,\n",
       "       0.57915361, 0.58182491, 0.58182491, 0.58214473, 0.58214473,\n",
       "       0.58866311, 0.58866311, 0.59062759, 0.59062759, 0.59290473,\n",
       "       0.59290473, 0.594335  , 0.594335  , 0.59490585, 0.59490585,\n",
       "       0.59738737, 0.59738737, 0.59838144, 0.59838144, 0.59884273,\n",
       "       0.59884273, 0.59908774, 0.59908774, 0.60065974, 0.60065974,\n",
       "       0.60120663, 0.60120663, 0.60144975, 0.60144975, 0.60147622,\n",
       "       0.60147622, 0.60158865, 0.60158865, 0.60328312, 0.60328312,\n",
       "       0.60332472, 0.60332472, 0.60337581, 0.60337581, 0.60658454,\n",
       "       0.60658454, 0.60693596, 0.60693596, 0.60910503, 0.60910503,\n",
       "       0.60925101, 0.60925101, 0.61317627, 0.61317627, 0.61531712,\n",
       "       0.61531712, 0.61722928, 0.61722928, 0.61744997, 0.61744997,\n",
       "       0.6174894 , 0.6174894 , 0.61761652, 0.61761652, 0.61805005,\n",
       "       0.61805005, 0.62355147, 0.62355147, 0.62419421, 0.62419421,\n",
       "       0.62461387, 0.62461387, 0.62612164, 0.62612164, 0.63017537,\n",
       "       0.63017537, 0.63040001, 0.63040001, 0.63200154, 0.63200154,\n",
       "       0.63838699, 0.63838699, 0.63936503, 0.63936503, 0.64021509,\n",
       "       0.64021509, 0.6417581 , 0.6417581 , 0.64588683, 0.64588683,\n",
       "       0.64627099, 0.64627099, 0.64721763, 0.64721763, 0.64764928,\n",
       "       0.64764928, 0.6484669 , 0.6484669 , 0.64883075, 0.64883075,\n",
       "       0.64908317, 0.64908317, 0.64961658, 0.64961658, 0.65365718,\n",
       "       0.65365718, 0.66014934, 0.66014934, 0.66417351, 0.66417351,\n",
       "       0.67599177, 0.67599177, 0.67707421, 0.67707421, 0.68562927,\n",
       "       0.68562927, 0.68639059, 0.68639059, 0.69115838, 0.69115838,\n",
       "       0.69467593, 0.69467593, 0.69472462, 0.69472462, 0.69621414,\n",
       "       0.69621414, 0.69811943, 0.69811943, 0.70303909, 0.70303909,\n",
       "       0.70341643, 0.70341643, 0.70443277, 0.70443277, 0.70524161,\n",
       "       0.70524161, 0.70612468, 0.70612468, 0.70668438, 0.70668438,\n",
       "       0.70939934, 0.70939934, 0.71698242, 0.71698242, 0.71943608,\n",
       "       0.71943608, 0.72964634, 0.72964634, 0.73096612, 0.73096612,\n",
       "       0.73287615, 0.73287615, 0.733353  , 0.733353  , 0.7345547 ,\n",
       "       0.7345547 , 0.73630515, 0.73630515, 0.73786238, 0.73786238,\n",
       "       0.73980848, 0.73980848, 0.74117708, 0.74117708, 0.74121966,\n",
       "       0.74121966, 0.74126832, 0.74126832, 0.74209634, 0.74209634,\n",
       "       0.74387499, 0.74387499, 0.74611891, 0.74611891, 0.74885822,\n",
       "       0.74885822, 0.74895358, 0.74895358, 0.75226347, 0.75226347,\n",
       "       0.75446773, 0.75446773, 0.75454551, 0.75454551, 0.7590119 ,\n",
       "       0.7590119 , 0.7597349 , 0.7597349 , 0.76461915, 0.76461915,\n",
       "       0.76586153, 0.76586153, 0.76977727, 0.76977727, 0.77228271,\n",
       "       0.77228271, 0.77384583, 0.77384583, 0.77394084, 0.77394084,\n",
       "       0.77678899, 0.77678899, 0.77882096, 0.77882096, 0.77929453,\n",
       "       0.77929453, 0.78695362, 0.78695362, 0.79258843, 0.79258843,\n",
       "       0.79631846, 0.79631846, 0.80087378, 0.80087378, 0.80184236,\n",
       "       0.80184236, 0.80456228, 0.80456228, 0.81477628, 0.81477628,\n",
       "       0.83508695, 0.83508695, 0.88035754, 0.88035754, 0.97810961,\n",
       "       0.97810961, 1.        , 1.        , 1.        , 1.        ,\n",
       "       1.        , 1.        , 1.        , 1.        , 1.        ,\n",
       "       1.        , 1.        , 1.        , 1.        , 1.        ,\n",
       "       1.        , 1.        , 1.        , 1.        , 1.        ,\n",
       "       1.        , 1.        , 1.        , 1.        ])"
      ]
     },
     "execution_count": 31,
     "metadata": {},
     "output_type": "execute_result"
    }
   ],
   "source": [
    "# locating the second largest number\n",
    "simflat = similarity.flatten()\n",
    "simflat.sort()\n",
    "simflat"
   ]
  },
  {
   "cell_type": "code",
   "execution_count": null,
   "metadata": {},
   "outputs": [],
   "source": [
    "/////"
   ]
  },
  {
   "cell_type": "code",
   "execution_count": null,
   "metadata": {},
   "outputs": [],
   "source": [
    "### Step 3: Image segmentation"
   ]
  },
  {
   "cell_type": "code",
   "execution_count": 2,
   "metadata": {},
   "outputs": [],
   "source": [
    "def store_evolution_in(lst):\n",
    "    def _store(x):\n",
    "        lst.append(np.copy(x))\n",
    "    return _store"
   ]
  },
  {
   "cell_type": "code",
   "execution_count": 3,
   "metadata": {},
   "outputs": [
    {
     "data": {
      "text/plain": [
       "<matplotlib.image.AxesImage at 0x210f7dba4c0>"
      ]
     },
     "execution_count": 3,
     "metadata": {},
     "output_type": "execute_result"
    },
    {
     "data": {
